niter <- 5000
nburn <- 500